name SyntaxB
fontname Syntax-Bold
spacewidth 28
charset
!	33	0	33
"	33	0	34
#	56	0	35
$	56	0	36
%	100	0	37
&	72	0	38
'	28	0	39
(	33	0	40
)	33	0	41
*	56	0	42
+	60	0	43
,	28	0	44
-	39	0	45
.	28	0	46
/	44	0	47
0	56	0	48
1	56	0	49
2	56	0	50
3	56	0	51
4	56	0	52
5	56	0	53
6	56	0	54
7	56	0	55
8	56	0	56
9	56	0	57
:	28	0	58
;	28	0	59
<	60	0	60
=	60	0	61
>	60	0	62
?	50	0	63
@	80	0	64
A	67	0	65
B	61	0	66
C	67	0	67
D	72	0	68
E	50	0	69
F	50	0	70
G	72	0	71
H	72	0	72
I	28	0	73
J	39	0	74
K	61	0	75
L	50	0	76
M	94	0	77
N	72	0	78
O	83	0	79
P	56	0	80
Q	83	0	81
R	61	0	82
S	50	0	83
T	56	0	84
U	72	0	85
V	67	0	86
W	100	0	87
X	61	0	88
Y	61	0	89
Z	56	0	90
[	33	0	91
\	44	0	92
]	33	0	93
^	60	0	94
_	50	0	95
`	28	0	96
a	50	0	97
b	56	0	98
c	44	0	99
d	56	0	100
e	50	0	101
f	33	0	102
g	56	0	103
h	56	0	104
i	28	0	105
j	28	0	106
k	50	0	107
l	28	0	108
m	83	0	109
n	56	0	110
o	56	0	111
p	56	0	112
q	56	0	113
r	33	0	114
s	44	0	115
t	33	0	116
u	56	0	117
v	50	0	118
w	78	0	119
x	50	0	120
y	50	0	121
z	44	0	122
{	33	0	123
|	22	0	124
}	33	0	125
~	60	0	126
