name UnivMath4
fontname Universal-MathFour
charset
---	83	2	33
---	83	2	34
---	83	2	35
---	83	2	36
---	83	2	37
---	83	2	38
---	83	2	39
---	83	2	40
---	83	2	41
---	83	2	42
---	83	2	43
---	83	2	44
---	50	2	45
---	83	2	46
---	28	2	47
---	33	2	48
---	83	2	49
---	83	2	50
---	83	2	51
---	83	2	52
---	83	2	53
---	83	2	54
---	83	2	55
---	33	2	56
---	33	2	57
---	83	2	58
---	83	2	59
---	83	2	60
---	72	2	61
---	83	2	62
---	33	2	63
---	83	2	64
---	78	2	65
---	72	2	66
---	94	2	67
---	72	2	68
---	72	2	69
---	83	2	70
---	67	2	71
---	83	2	72
---	44	2	73
---	78	2	74
---	78	2	75
---	78	2	76
---	94	2	77
---	78	2	78
---	83	2	79
---	83	2	80
---	83	2	81
---	72	2	82
---	72	2	83
---	72	2	84
---	83	2	85
---	89	2	86
---	56	2	87
---	78	2	88
---	78	2	89
---	67	2	90
---	83	2	91
---	83	2	92
---	83	2	93
---	83	2	94
---	83	2	95
---	83	2	96
---	67	2	97
---	67	2	98
---	72	2	99
---	56	2	100
---	50	2	101
---	78	2	102
---	61	2	103
---	67	2	104
---	39	2	105
---	50	2	106
---	61	2	107
---	61	2	108
---	72	2	109
---	56	2	110
---	56	2	111
---	72	2	112
---	72	2	113
---	56	2	114
---	72	2	115
---	50	2	116
---	56	2	117
---	78	2	118
---	67	2	119
---	61	2	120
---	61	2	121
---	44	2	122
---	67	2	123
---	28	2	124
---	67	2	125
---	83	2	126
---	50	2	167
---	56	2	171
---	61	2	173
---	94	2	195
---	61	2	198
---	83	2	248
---	83	2	249
---	61	2	251
