name UnivMath5
fontname Universal-MathFive
charset
---	33	3	33
---	83	3	34
---	33	3	35
---	33	3	36
---	33	3	37
---	83	3	38
---	83	3	39
---	33	3	40
---	33	3	41
---	33	3	42
---	67	3	43
---	83	3	44
---	83	3	45
---	83	3	46
---	83	3	47
---	83	3	48
---	83	3	49
---	83	3	50
---	83	3	51
---	83	3	52
---	83	3	53
---	83	3	54
---	83	3	55
---	83	3	56
---	83	3	57
---	83	3	58
---	83	3	59
---	83	3	60
---	83	3	61
---	83	3	62
---	83	3	63
---	33	3	64
---	83	3	65
---	61	3	66
---	100	3	67
---	33	3	68
---	33	3	69
---	33	3	70
---	33	3	71
---	33	3	72
---	33	3	73
---	33	3	74
---	33	3	75
---	33	3	76
---	100	3	77
---	100	3	78
---	33	3	79
---	83	3	80
---	39	3	81
---	33	3	82
---	83	3	83
---	39	3	84
---	44	3	85
---	100	3	86
---	39	3	87
---	67	3	88
---	39	3	89
---	83	3	90
---	94	3	91
---	67	3	92
---	50	3	93
---	56	3	94
---	33	3	95
---	61	3	96
---	83	3	97
---	83	3	98
---	83	3	99
---	83	3	100
---	83	3	101
---	83	3	102
---	83	3	103
---	83	3	104
---	83	3	105
---	83	3	106
---	83	3	107
---	56	3	108
---	83	3	109
---	83	3	110
---	83	3	111
---	83	3	112
---	83	3	113
---	83	3	114
---	83	3	115
---	83	3	116
---	83	3	117
---	83	3	118
---	83	3	119
---	83	3	120
---	83	3	121
---	83	3	122
---	94	3	123
---	61	3	124
---	83	3	125
---	33	3	126
---	39	3	162
---	50	3	163
---	56	3	164
---	39	3	170
---	67	3	176
---	33	3	217
---	83	3	248
---	83	3	249
