name UnivMath3
fontname Universal-MathThree
charset
---	44	2	33
---	83	2	34
---	28	2	35
---	28	2	36
---	39	2	37
---	72	2	38
---	83	2	39
---	17	2	40
---	17	2	41
---	17	2	42
---	22	2	43
---	83	2	44
---	28	2	45
---	83	2	46
---	28	2	47
---	28	2	48
---	22	2	49
---	22	2	50
---	22	2	51
---	22	2	52
---	22	2	53
---	22	2	54
---	22	2	55
---	22	2	56
---	28	2	57
---	83	2	58
---	83	2	59
---	83	2	60
---	28	2	61
---	83	2	62
---	83	2	63
---	50	2	64
---	50	2	65
---	22	2	66
---	22	2	67
---	22	2	68
---	28	2	69
---	22	2	70
---	22	2	71
---	22	2	72
---	17	2	73
---	22	2	74
---	22	2	75
---	22	2	76
---	28	2	77
---	28	2	78
---	44	2	79
---	44	2	80
---	44	2	81
---	28	2	82
---	22	2	83
---	39	2	84
---	17	2	85
---	22	2	86
---	17	2	87
---	22	2	88
---	39	2	89
---	17	2	90
---	83	2	91
---	83	2	92
---	83	2	93
---	72	2	94
---	22	2	95
---	83	2	96
---	39	2	97
---	33	2	98
---	33	2	99
---	33	2	100
---	50	2	101
---	33	2	102
---	33	2	103
---	33	2	104
---	33	2	105
---	33	2	106
---	33	2	107
---	33	2	108
---	33	2	109
---	33	2	110
---	67	2	111
---	67	2	112
---	100	2	113
---	50	2	114
---	33	2	115
---	83	2	116
---	22	2	117
---	33	2	118
---	28	2	119
---	33	2	120
---	50	2	121
---	22	2	122
---	83	2	123
---	28	2	124
---	83	2	125
---	83	2	126
---	83	2	162
---	83	2	163
---	83	2	164
---	67	2	170
---	83	2	176
---	67	2	193
---	83	2	248
---	83	2	249
