name UnivMath1
fontname Universal-MathOne
charset
---	83	2	33	<<
---	56	2	34	h bar
<=	83	2	35	<_
>=	83	2	36	>_
---	83	2	37	<=
---	83	2	38	~<
te	67	2	39
---	83	2	40
---	83	2	41
---	83	2	42	~>
---	83	2	43
<	83	2	44
---	50	2	45
>	83	2	46
/	28	2	47
"	33	2	48
pl	83	2	49
mi	83	2	50
mu	83	2	51
di	83	2	52
eq	83	2	53
+-	83	2	54
-+	83	2	55
de	33	2	56
'	33	2	57
al	61	2	58
fa	67	2	59
---	83	2	60
gr	67	2	61
---	83	2	62
bu	33	2	63
---	83	2	64	>>
A	72	2	65
B	67	2	66
C	83	2	67
D	67	2	68
E	67	2	69
F	78	2	70
G	61	2	71
H	78	2	72
I	39	2	73
J	78	2	74
K	72	2	75
L	72	2	76
M	89	2	77
N	78	2	78
O	78	2	79
P	78	2	80
Q	78	2	81
R	67	2	82
S	67	2	83
T	67	2	84
U	78	2	85
V	78	2	86
W	50	2	87
X	72	2	88
Y	72	2	89
Z	61	2	90
---	83	2	91
\	28	2	92
en	50	2	93
---	83	2	94
---	83	2	95	><
if	67	2	96
a	61	2	97
b	61	2	98
c	61	2	99
d	50	2	100
e	44	2	101
f	67	2	102
g	56	2	103
h	61	2	104
i	33	2	105
j	44	2	106
k	56	2	107
l	56	2	108
m	67	2	109
n	50	2	110
o	50	2	111
p	67	2	112
q	67	2	113
r	50	2	114
s	61	2	115
t	44	2	116
u	50	2	117
v	67	2	118
w	61	2	119
x	56	2	120
y	44	2	121
z	44	2	122
-	33	2	123
|	28	2	124
em	100	2	125
pt	67	2	126
---	44	2	167
---	50	2	171
pd	50	2	173
---	56	2	194
---	83	2	195
---	83	2	248
---	83	2	249
---	56	2	251
